20
0 942 451 270 452 374 833 61 202 650 524 994 634 112 540 674 565 852 287 427
942 0 532 692 1128 568 253 883 1083 436 464 52 713 895 477 293 409 308 851 1103
451 532 0 288 604 163 383 389 559 205 299 583 339 447 341 241 123 401 320 579
270 692 288 0 636 141 628 223 456 489 254 743 591 203 269 453 364 661 367 609
452 1128 604 636 0 653 929 452 289 712 841 1178 511 561 873 835 721 917 292 27
374 568 163 141 653 0 487 316 531 353 187 620 494 333 221 313 223 520 363 626
833 253 383 628 929 487 0 771 937 216 472 289 473 816 504 178 269 62 676 907
61 883 389 223 452 316 771 0 234 589 473 935 583 116 492 613 503 791 249 425
202 1083 559 456 289 531 937 234 0 732 702 1135 633 312 723 798 682 944 278 270
650 436 205 489 712 353 216 589 732 0 423 482 281 652 463 178 146 212 464 690
524 464 299 254 841 187 472 473 702 423 0 511 635 453 42 299 277 523 551 813
994 52 583 743 1178 620 289 935 1135 482 511 0 756 946 522 344 460 339 903 1154
634 713 339 591 511 494 473 583 633 281 635 756 0 683 677 455 382 442 361 496
112 895 447 203 561 333 816 116 312 652 453 946 683 0 462 646 547 843 364 535
540 477 341 269 873 221 504 492 723 463 42 522 677 462 0 334 318 556 584 845
674 293 241 453 835 313 178 613 798 178 299 344 455 646 334 0 117 224 558 810
565 409 123 364 721 223 269 503 682 146 277 460 382 547 318 117 0 297 442 696
852 308 401 661 917 520 62 791 944 212 523 339 442 843 556 224 297 0 676 896
287 851 320 367 292 363 676 249 278 464 551 903 361 364 584 558 442 676 0 265
427 1103 579 609 27 626 907 425 270 690 813 1154 496 535 845 810 696 896 265 0
