30
0 598 634 869 665 147 162 591 803 468 367 624 1055 499 300 753 189 454 491 701 321 348 648 781 792 490 745 300 451 628
598 0 709 840 188 498 666 662 648 726 424 387 731 769 346 985 430 964 911 561 790 299 409 880 702 387 392 877 850 81
634 709 0 239 592 509 514 50 276 216 342 361 579 222 478 296 525 580 431 239 465 486 355 175 213 322 468 666 386 661
869 840 239 0 685 739 754 278 218 448 548 454 451 444 681 382 746 794 636 280 698 677 434 182 142 484 504 900 602 776
665 188 592 685 0 536 689 550 479 661 384 236 543 700 370 884 478 956 874 405 783 319 252 752 543 296 207 909 813 107
147 498 509 739 536 0 169 463 659 374 220 478 908 412 166 670 70 478 465 556 312 217 501 668 652 343 601 379 413 514
162 666 514 754 689 169 0 478 722 324 328 591 999 350 325 597 239 313 330 628 161 376 610 645 696 454 724 219 288 677
591 662 50 278 550 463 478 0 277 200 291 324 580 216 428 334 477 570 428 221 443 435 320 226 227 274 438 642 379 615
803 648 276 218 479 659 722 277 0 478 442 264 303 493 558 538 647 848 704 106 714 540 239 349 84 341 288 907 656 577
468 726 216 448 661 374 324 200 478 0 303 467 779 43 416 296 416 369 234 412 250 445 473 321 425 365 598 452 180 700
367 424 342 548 384 220 328 291 442 303 0 265 688 346 136 578 205 572 494 337 399 149 285 516 445 127 396 543 433 404
624 387 361 454 236 478 591 324 264 467 265 0 437 501 338 657 444 805 696 174 642 305 27 515 314 137 135 804 637 322
1055 731 579 451 543 908 999 580 303 779 688 437 0 796 775 822 879 1149 1007 375 1010 742 411 623 372 565 349 1196 959 650
499 769 222 444 700 412 350 216 493 43 346 501 796 0 458 257 456 357 211 434 257 488 505 303 435 404 630 459 164 741
300 346 478 681 370 166 325 428 558 416 136 338 775 458 0 703 111 618 572 452 444 51 364 652 571 219 449 542 513 351
753 985 296 382 884 670 597 334 538 296 578 657 822 257 703 0 712 493 336 529 471 726 651 200 456 600 764 657 335 945
189 430 525 746 478 70 239 477 647 416 205 444 879 456 111 712 0 547 528 541 380 159 468 692 649 316 559 447 473 448
454 964 580 794 956 478 313 570 848 369 572 805 1149 357 618 493 547 0 161 778 174 666 817 633 793 679 941 203 194 963
491 911 431 636 874 465 330 428 704 234 494 696 1007 211 572 336 528 161 0 644 171 614 703 471 644 582 829 325 61 898
701 561 239 280 405 556 628 221 106 412 337 174 375 434 452 529 541 778 644 0 634 434 154 362 140 235 240 821 592 496
321 790 465 698 783 312 161 443 714 250 399 642 1010 257 444 471 380 174 171 634 0 492 655 560 670 512 778 202 140 789
348 299 486 677 319 217 376 435 540 445 149 305 742 488 51 726 159 666 614 434 492 0 332 662 560 199 408 594 554 301
648 409 355 434 252 501 610 320 239 473 285 27 411 505 364 651 468 817 703 154 655 332 0 504 293 158 125 821 645 342
781 880 175 182 752 668 645 226 349 321 516 515 623 303 652 200 692 633 471 362 560 662 504 0 265 495 602 761 446 828
792 702 213 142 543 652 696 227 84 425 445 314 372 435 571 456 649 793 644 140 670 560 293 265 0 361 362 868 599 635
490 387 322 484 296 343 454 274 341 365 127 137 565 404 219 600 316 679 582 235 512 199 158 495 361 0 270 667 522 345
745 392 468 504 207 601 724 438 288 598 396 135 349 630 449 764 559 941 829 240 778 408 125 602 362 270 0 938 771 314
300 877 666 900 909 379 219 642 907 452 543 804 1196 459 542 657 447 203 325 821 202 594 821 761 868 667 938 0 323 893
451 850 386 602 813 413 288 379 656 180 433 637 959 164 513 335 473 194 61 592 140 554 645 446 599 522 771 323 0 837
628 81 661 776 107 514 677 615 577 700 404 322 650 741 351 945 448 963 898 496 789 301 342 828 635 345 314 893 837 0
