30
0 426 473 724 152 688 390 354 217 340 671 867 638 385 212 488 379 276 501 457 646 408 425 833 450 727 706 522 455 564
426 0 680 484 284 800 447 747 528 460 432 742 544 187 547 195 570 544 456 48 219 810 5 414 77 628 308 823 843 186
473 680 0 620 556 235 856 354 259 220 591 583 416 510 274 840 112 197 333 677 856 404 676 960 644 465 811 196 378 866
724 484 620 0 655 578 915 889 663 473 55 293 220 362 693 670 559 627 291 439 482 954 479 447 407 240 329 815 955 610
152 284 556 655 0 744 312 502 327 373 599 843 615 293 333 337 449 370 486 321 502 559 284 698 321 708 580 643 603 412
688 800 235 578 744 0 1054 582 484 371 570 433 358 614 503 981 308 419 359 782 935 625 794 990 745 358 847 367 587 984
390 447 856 915 312 1054 0 715 606 685 860 1137 914 559 603 333 753 661 790 495 602 754 451 817 519 1006 744 911 812 444
354 747 354 889 502 582 715 0 236 416 847 921 723 641 209 839 347 262 604 766 962 66 745 1123 748 792 981 256 101 906
217 528 259 663 327 484 606 236 0 197 618 735 519 407 30 648 180 64 388 542 737 302 525 889 520 598 746 316 322 700
340 460 220 473 373 371 685 416 197 0 432 542 322 291 227 625 113 154 191 456 638 481 455 755 424 404 606 384 484 646
671 432 591 55 599 570 860 847 618 432 0 329 213 307 648 620 523 585 258 388 444 912 426 432 354 254 302 785 915 564
867 742 583 293 843 433 1137 921 735 542 329 0 229 581 764 936 576 680 365 703 773 979 736 732 666 139 622 768 960 889
638 544 416 220 615 358 914 723 519 322 213 229 0 368 549 739 377 469 137 511 621 785 538 642 473 92 505 612 775 709
385 187 510 362 293 614 559 641 407 291 307 581 368 0 432 377 404 404 270 170 346 707 181 482 135 457 339 671 729 370
212 547 274 693 333 503 603 209 30 227 648 764 549 432 0 660 203 88 418 562 758 275 544 914 542 627 771 311 298 716
488 195 840 670 337 981 333 839 648 625 620 936 739 377 660 0 728 678 647 233 273 896 201 487 270 824 432 960 940 111
379 570 112 559 449 308 753 347 180 113 523 576 377 404 203 728 0 115 267 568 751 407 566 866 537 444 717 272 399 755
276 544 197 627 370 419 661 262 64 154 585 680 469 404 88 678 115 0 344 551 744 327 540 884 526 545 738 282 334 721
501 456 333 291 486 359 790 604 388 191 258 365 137 270 418 647 267 344 0 432 576 667 450 642 394 226 495 527 664 634
457 48 677 439 321 782 495 766 542 456 388 703 511 170 562 233 568 551 432 0 195 830 44 377 38 593 263 828 861 202
646 219 856 482 502 935 602 962 737 638 444 773 621 346 758 273 751 744 576 195 0 1026 220 214 218 688 176 1017 1057 169
408 810 404 954 559 625 754 66 302 481 912 979 785 707 275 896 407 327 667 830 1026 0 808 1188 812 851 1047 278 65 966
425 5 676 479 284 794 451 745 525 455 426 736 538 181 544 201 566 540 450 44 220 808 0 414 72 622 306 819 841 191
833 414 960 447 698 990 817 1123 889 755 432 732 642 482 914 487 866 884 642 377 214 1188 414 0 383 684 149 1139 1212 378
450 77 644 407 321 745 519 748 520 424 354 666 473 135 542 270 537 526 394 38 218 812 72 383 0 555 258 800 841 240
727 628 465 240 708 358 1006 792 598 404 254 139 92 457 627 824 444 545 226 593 688 851 622 684 555 0 556 657 836 788
706 308 811 329 580 847 744 981 746 606 302 622 505 339 771 432 717 738 495 263 176 1047 306 149 258 556 0 990 1068 339
522 823 196 815 643 367 911 256 316 384 785 768 612 671 311 960 272 282 527 828 1017 278 819 1139 800 657 990 0 228 1003
455 843 378 955 603 587 812 101 322 484 915 960 775 729 298 940 399 334 664 861 1057 65 841 1212 841 836 1068 228 0 1006
564 186 866 610 412 984 444 906 700 646 564 889 709 370 716 111 755 721 634 202 169 966 191 378 240 788 339 1003 1006 0
