30
0 656 409 1001 410 981 674 206 592 729 354 552 518 827 420 601 230 393 580 682 242 187 880 401 616 259 266 681 698 260
656 0 255 1100 337 1050 339 803 736 576 303 114 698 928 889 549 448 266 87 956 889 512 954 442 118 751 761 447 115 786
409 255 0 1067 233 1026 425 578 656 606 90 173 598 883 707 525 234 84 173 847 649 297 922 235 258 551 561 498 327 579
1001 1100 1067 0 834 60 776 880 424 537 984 1017 494 184 667 554 906 983 1105 355 993 881 146 1258 981 765 762 663 1019 787
410 337 233 834 0 792 266 501 428 387 158 224 378 651 555 293 181 149 301 633 608 226 689 447 247 427 436 298 327 465
981 1050 1026 60 792 0 723 870 394 482 945 969 467 154 667 508 874 942 1058 360 987 853 104 1223 931 752 750 610 966 777
674 339 425 776 266 723 0 738 465 241 389 290 455 614 730 254 448 360 372 694 855 487 632 661 225 642 650 112 244 683
206 803 578 880 501 870 738 0 510 724 504 691 442 721 236 593 354 539 737 535 128 291 777 606 740 124 123 713 822 93
592 736 656 424 428 394 465 510 0 298 569 636 73 241 363 212 482 573 722 229 637 458 291 836 622 387 387 371 680 419
729 576 606 537 387 482 241 724 298 0 543 509 324 384 639 131 536 526 597 511 852 549 396 832 458 607 612 129 485 647
354 303 90 984 158 945 389 504 569 543 0 198 510 800 620 451 151 39 233 757 586 216 841 289 268 467 477 445 348 497
552 114 173 1017 224 969 290 691 636 509 198 0 594 839 775 462 337 158 89 851 780 399 870 396 85 636 646 385 154 671
518 698 598 494 378 467 455 442 73 324 510 594 0 313 316 214 414 517 677 257 570 387 364 770 589 318 320 374 652 353
827 928 883 184 651 154 614 721 241 384 800 839 313 0 527 379 722 799 928 239 840 699 57 1074 809 601 599 503 853 627
420 889 707 667 555 667 730 236 363 639 620 775 316 527 0 520 474 646 841 313 330 414 583 794 801 167 158 670 877 159
601 549 525 554 293 508 254 593 212 131 451 462 214 379 520 0 420 441 551 441 721 426 408 739 431 477 482 160 479 517
230 448 234 906 181 874 448 354 482 536 151 337 414 722 474 420 0 184 383 642 445 64 769 357 393 317 327 468 475 346
393 266 84 983 149 942 360 539 573 526 39 158 517 799 646 441 184 0 199 768 623 248 838 307 229 496 506 422 308 528
580 87 173 1105 301 1058 372 737 722 597 233 89 677 928 841 551 383 199 0 934 817 448 959 356 151 695 705 472 187 727
682 956 847 355 633 360 694 535 229 511 757 851 257 239 313 441 642 768 934 0 643 601 291 998 845 429 425 598 906 445
242 889 649 993 608 987 855 128 637 852 586 780 570 840 330 721 445 623 817 643 0 386 897 632 837 251 249 836 920 217
187 512 297 881 226 853 487 291 458 549 216 399 387 699 414 426 64 248 448 601 386 0 749 397 452 254 264 494 534 282
880 954 922 146 689 104 632 777 291 396 841 870 364 57 583 408 769 838 959 291 897 749 0 1118 835 657 656 520 874 684
401 442 235 1258 447 1223 661 606 836 832 289 396 770 1074 794 739 357 307 356 998 632 397 1118 0 482 627 636 730 539 642
616 118 258 981 247 931 225 740 622 458 268 85 589 809 801 431 393 229 151 845 837 452 835 482 0 674 683 330 82 711
259 751 551 765 427 752 642 124 387 607 467 636 318 601 167 477 317 496 695 429 251 254 657 627 674 0 10 605 754 41
266 761 561 762 436 750 650 123 387 612 477 646 320 599 158 482 327 506 705 425 249 264 656 636 683 10 0 612 763 34
681 447 498 663 298 610 112 713 371 129 445 385 374 503 670 160 468 422 472 598 836 494 520 730 330 605 612 0 356 646
698 115 327 1019 327 966 244 822 680 485 348 154 652 853 877 479 475 308 187 906 920 534 874 539 82 754 763 356 0 792
260 786 579 787 465 777 683 93 419 647 497 671 353 627 159 517 346 528 727 445 217 282 684 642 711 41 34 646 792 0
