30
0 360 573 218 517 612 407 422 644 235 428 562 332 611 440 178 543 419 96 661 405 266 380 641 446 429 425 341 565 515
360 0 828 206 694 696 616 612 950 274 784 856 613 921 535 398 688 516 369 1009 759 423 739 971 92 757 735 596 708 874
573 828 0 622 199 369 218 917 191 556 575 879 761 191 370 439 257 376 498 410 585 819 533 290 919 713 193 802 257 580
218 206 622 0 496 524 411 594 746 75 638 775 538 717 352 194 497 331 183 819 617 408 587 772 297 647 532 538 518 721
517 694 199 496 0 181 112 915 388 422 663 943 779 382 182 347 63 194 425 587 665 781 613 477 780 775 296 811 73 694
612 696 369 524 181 0 262 1030 560 450 830 1095 910 558 175 433 118 197 516 768 828 876 777 655 771 930 475 935 112 867
407 616 218 411 112 262 0 803 381 341 567 838 668 364 173 244 156 172 318 542 566 671 515 448 705 671 228 699 174 606
422 612 917 594 915 1030 803 0 916 639 459 304 168 879 861 598 951 840 517 819 429 191 457 864 656 320 730 119 972 540
644 950 191 746 388 560 381 916 0 689 505 815 750 37 548 552 448 551 591 240 525 856 479 113 1042 660 219 797 448 480
235 274 556 75 422 450 341 639 689 0 631 797 566 662 277 147 422 255 170 780 613 460 577 723 363 658 481 572 443 708
428 784 575 638 663 830 567 459 505 631 0 310 295 470 706 501 720 692 461 363 30 482 55 428 866 157 385 346 735 94
562 856 879 775 943 1095 838 304 815 797 310 0 243 780 948 702 994 931 636 649 295 447 345 732 917 168 686 263 1012 348
332 613 761 538 779 910 668 168 750 566 295 243 0 713 750 491 822 730 416 652 265 218 289 696 676 175 571 50 842 382
611 921 191 717 382 558 364 879 37 662 470 780 713 0 534 524 443 536 559 224 489 820 443 99 1013 624 187 760 445 448
440 535 370 352 182 175 173 861 548 277 706 948 750 534 0 263 156 21 344 716 699 702 651 621 615 787 399 771 175 757
178 398 439 194 347 433 244 598 552 147 501 702 491 524 263 0 368 242 82 632 486 443 446 579 490 550 338 509 389 572
543 688 257 497 63 118 156 951 448 422 720 994 822 443 156 368 0 173 449 650 720 810 668 539 770 827 358 851 21 753
419 516 376 331 194 197 172 840 551 255 692 931 730 536 21 242 173 0 323 712 684 680 637 620 597 770 395 751 193 745
96 369 498 183 425 516 318 517 591 170 461 636 416 559 344 82 449 323 0 641 443 361 408 603 460 491 372 431 470 540
661 1009 410 819 587 768 542 819 240 780 363 649 652 224 716 632 650 712 641 0 391 810 362 127 1100 518 318 703 656 301
405 759 585 617 665 828 566 429 525 613 30 295 265 489 699 486 720 684 443 391 0 451 52 451 840 135 394 316 736 123
266 423 819 408 781 876 671 191 856 460 482 447 218 820 702 443 810 680 361 810 451 0 458 826 474 390 649 185 831 575
380 739 533 587 613 777 515 457 479 577 55 345 289 443 651 446 668 637 408 362 52 458 0 411 822 182 341 340 684 135
641 971 290 772 477 655 448 864 113 723 428 732 696 99 621 579 539 620 603 127 451 826 411 0 1063 585 242 745 542 388
446 92 919 297 780 771 705 656 1042 363 866 917 676 1013 615 490 770 597 460 1100 840 474 822 1063 0 828 827 654 790 957
429 757 713 647 775 930 671 320 660 658 157 168 175 624 787 550 827 770 491 518 135 390 182 585 828 0 519 221 844 224
425 735 193 532 296 475 228 730 219 481 385 686 571 187 399 338 358 395 372 318 394 649 341 242 827 519 0 614 369 402
341 596 802 538 811 935 699 119 797 572 346 263 50 760 771 509 851 751 431 703 316 185 340 745 654 221 614 0 871 432
565 708 257 518 73 112 174 972 448 443 735 1012 842 445 175 389 21 193 470 656 736 831 684 542 790 844 369 871 0 767
515 874 580 721 694 867 606 540 480 708 94 348 382 448 757 572 753 745 540 301 123 575 135 388 957 224 402 432 767 0
