15
0 549 446 490 273 508 583 546 490 538 453 381 568 236 476
549 0 160 675 808 220 44 751 1036 838 718 906 310 322 574
446 160 0 515 718 99 170 591 937 678 558 823 198 211 415
490 675 515 0 678 477 678 76 800 184 92 779 441 463 111
273 808 718 678 0 782 845 712 232 654 611 110 839 506 698
508 220 99 477 782 0 210 551 992 653 535 890 99 282 369
583 44 170 678 845 210 0 753 1072 846 726 945 291 351 574
546 751 591 76 712 551 753 0 815 134 100 809 510 536 181
490 1036 937 800 232 992 1072 815 0 724 718 167 1039 726 848
538 838 678 184 654 653 846 134 724 0 119 742 624 585 295
453 718 558 92 611 535 726 100 718 119 0 709 512 471 190
381 906 823 779 110 890 945 809 167 742 709 0 949 612 806
568 310 198 441 839 99 291 510 1039 624 512 949 0 357 330
236 322 211 463 506 282 351 536 726 585 471 612 357 0 397
476 574 415 111 698 369 574 181 848 295 190 806 330 397 0
